[gd_scene format=3 uid="uid://dmvvi6bp6n0yo"]

[ext_resource type="Script" uid="uid://b2qckescse7h1" path="res://scripts/PlayerMovement.gd" id="1_g2els"]
[ext_resource type="ArrayMesh" uid="uid://c8xfjimohem4k" path="res://blender imports/character_model_mesh_materialized.tres" id="2_dqkch"]
[ext_resource type="Material" uid="uid://ct0tpf1wcbdkn" path="res://materials/cel_test_mat.tres" id="2_qhqgy"]
[ext_resource type="Material" uid="uid://btv5wmb323tvi" path="res://materials/player_holster.tres" id="3_dqkch"]

[sub_resource type="PhysicsMaterial" id="PhysicsMaterial_dqkch"]
friction = 0.6

[sub_resource type="Skin" id="Skin_dv487"]
resource_name = "Skin"
bind_count = 39
bind/0/name = &"Main Controller"
bind/0/bone = -1
bind/0/pose = Transform3D(1, 0, -2.2204458e-16, -2.2204458e-16, 0, -1, 0, 1, 0, 7.3835264e-16, 0.39345062, 2.8233273)
bind/1/name = &"Hip"
bind/1/bone = -1
bind/1/pose = Transform3D(1, -5.3915553e-08, -2.3224239e-07, -1.776357e-14, 0.9740952, -0.22613831, 2.3841858e-07, 0.22613823, 0.9740952, -2.4283635e-09, 0.043873377, 0.010185296)
bind/2/name = &"Spine"
bind/2/bone = -1
bind/2/pose = Transform3D(1, 1.5242618e-07, -4.5181847e-07, 0, 0.947532, 0.3196608, 4.7683716e-07, -0.31966087, 0.9475321, -8.268777e-08, -0.2612623, 0.17340882)
bind/3/name = &"Chest"
bind/3/bone = -1
bind/3/pose = Transform3D(1, -5.2526076e-08, -4.7393533e-07, 7.1054274e-15, 0.99391437, -0.110155255, 4.7683716e-07, 0.110155135, 0.9939144, 6.4880666e-08, -0.7030678, -0.13606459)
bind/4/name = &"Shoulder L"
bind/4/bone = -1
bind/4/pose = Transform3D(0.09880844, -0.99009746, 0.09971865, 0.994122, 0.093757495, -0.054137588, 0.044252113, 0.104481645, 0.99354184, 1.6473607, -0.15809697, -0.12666918)
bind/5/name = &"Upper Arm L"
bind/5/bone = -1
bind/5/pose = Transform3D(-8.7120275e-09, -0.9950009, 0.09986493, 1, -5.08665e-08, -6.1267174e-09, -2.86961e-09, 0.09986481, 0.99500096, 1.6949791, -0.3976283, -0.101140186)
bind/6/name = &"Lower Arm L"
bind/6/bone = -1
bind/6/pose = Transform3D(0.00034721967, -0.9949996, 0.09987798, 0.9999239, 0.0015780455, 0.012244985, -0.012341382, 0.099866, 0.9949244, 1.694534, -1.2799376, -0.08537274)
bind/7/name = &"Wrist L"
bind/7/bone = -1
bind/7/pose = Transform3D(0.16640207, -0.98089814, 0.10074185, 0.98591393, 0.16725288, 5.587935e-09, -0.016849387, 0.099322684, 0.9949126, 1.3430005, -2.2292678, -0.075556256)
bind/8/name = &"Palm L"
bind/8/bone = -1
bind/8/pose = Transform3D(0.13419044, -0.9858214, 0.1007417, 0.9908623, 0.13487653, -9.3132246e-10, -0.013587706, 0.09982105, 0.9949127, 1.4188304, -2.304146, -0.083234355)
bind/9/name = &"Fingers L"
bind/9/bone = -1
bind/9/pose = Transform3D(-0.32416818, -0.94062, 0.10074163, 0.94542974, -0.32582584, -2.6077029e-08, 0.032824237, 0.09524403, 0.9949126, 2.378041, -1.5734903, -0.18036087)
bind/10/name = &"Thumb L"
bind/10/bone = -1
bind/10/pose = Transform3D(0.18580036, -0.9596749, -0.21095508, -0.1532743, -0.24037254, 0.95850307, -0.9705592, -0.14575616, -0.19175488, 1.2472297, 0.7911242, 2.2688408)
bind/11/name = &"Thumb Two L"
bind/11/bone = -1
bind/11/pose = Transform3D(-0.18038796, -0.86243296, -0.47293702, 0.77296305, -0.4216438, 0.47407255, -0.6082667, -0.2800459, 0.7426884, 1.8624804, -0.92825806, 1.6695498)
bind/12/name = &"Neck Two"
bind/12/bone = -1
bind/12/pose = Transform3D(1, -6.188144e-08, -4.7280483e-07, -7.1054265e-15, 0.99154335, -0.12977488, 4.7683716e-07, 0.12977476, 0.9915435, 8.045531e-08, -1.6511717, -0.16872701)
bind/13/name = &"Neck"
bind/13/bone = -1
bind/13/pose = Transform3D(1, 1.5580012e-07, -4.5066622e-07, -2.842171e-14, 0.94511545, 0.32673648, 4.7683716e-07, -0.32673654, 0.94511557, -3.3711171e-07, -1.7940571, 0.7069745)
bind/14/name = &"Head"
bind/14/bone = -1
bind/14/pose = Transform3D(1, 0, -4.7683716e-07, -2.9309884e-14, 1, -8.9406974e-08, 4.7683713e-07, 0, 1.0000001, 1.3752802e-11, -2.1638284, -2.88561e-05)
bind/15/name = &"Shoulder R"
bind/15/bone = -1
bind/15/pose = Transform3D(0.09880845, 0.99009746, -0.09971866, -0.9941222, 0.09375769, -0.054137606, -0.044252124, 0.104481645, 0.99354184, -1.6473607, -0.15809728, -0.12666918)
bind/16/name = &"Upper Arm R"
bind/16/bone = -1
bind/16/pose = Transform3D(-4.6333348e-10, 0.99500096, -0.09986494, -1.0000002, 1.4228121e-07, -2.1768306e-08, -4.650318e-11, 0.0998648, 0.995001, -1.6949792, -0.3976287, -0.10114017)
bind/17/name = &"Lower Arm R"
bind/17/bone = -1
bind/17/pose = Transform3D(0.0003472199, 0.9949996, -0.09987798, -0.99992394, 0.0015782306, 0.0122449715, 0.012341381, 0.09986599, 0.9949244, -1.694534, -1.2799381, -0.085372694)
bind/18/name = &"Wrist R"
bind/18/bone = -1
bind/18/pose = Transform3D(0.16640207, 0.9808981, -0.10074184, -0.98591393, 0.16725306, -1.117587e-08, 0.016849384, 0.099322654, 0.99491256, -1.3430003, -2.2292683, -0.075556196)
bind/19/name = &"Palm R"
bind/19/bone = -1
bind/19/pose = Transform3D(0.13419046, 0.9858214, -0.1007417, -0.9908624, 0.13487674, -1.7695129e-08, 0.013587705, 0.09982103, 0.99491274, -1.4188303, -2.3041468, -0.08323431)
bind/20/name = &"Fingers R"
bind/20/bone = -1
bind/20/pose = Transform3D(-0.32416818, 0.94062, -0.100741625, -0.9454298, -0.32582563, -3.352761e-08, -0.03282423, 0.09524401, 0.9949126, -2.378041, -1.5734905, -0.18036082)
bind/21/name = &"Thumb R"
bind/21/bone = -1
bind/21/pose = Transform3D(0.18580034, 0.95967484, 0.2109551, 0.15327433, -0.24037258, 0.9585031, 0.97055924, -0.14575633, -0.19175494, -1.2472297, 0.7911244, 2.2688413)
bind/22/name = &"Thumb Two R"
bind/22/bone = -1
bind/22/pose = Transform3D(-0.18038799, 0.862433, 0.472937, -0.7729631, -0.42164364, 0.47407264, 0.6082668, -0.28004587, 0.74268836, -1.8624806, -0.9282585, 1.6695498)
bind/23/name = &"Upper Leg L"
bind/23/bone = -1
bind/23/pose = Transform3D(-0.00666482, 0.07633354, 0.99705684, 0.09509146, -0.99251527, 0.07662264, 0.995438, 0.095324285, -0.00063372013, 0.075167425, -0.13492443, -0.18583672)
bind/24/name = &"Lower Leg L"
bind/24/bone = -1
bind/24/pose = Transform3D(0.00063152914, -0.037788264, 0.99928254, 0.016714087, -0.99914587, -0.037792575, 0.99985194, 0.0167271, 1.071917e-05, -0.057669297, -1.1482049, -0.27712938)
bind/25/name = &"Ankle L"
bind/25/bone = -1
bind/25/pose = Transform3D(-0.007567013, 0.61937284, 0.7850575, 5.5301316e-06, -0.785083, 0.6193892, 0.99996316, 0.004692262, 0.005947461, 1.6578705, -2.031232, -0.30845052)
bind/26/name = &"Foot L"
bind/26/bone = -1
bind/26/pose = Transform3D(-0.0075670523, 0.9999715, -6.5590684e-09, 1.0126388e-05, -7.3060835e-07, 0.9999969, 0.9999632, 0.007568059, -4.9640833e-11, 2.846938, -0.13556217, -0.29946384)
bind/27/name = &"Upper Leg R"
bind/27/bone = -1
bind/27/pose = Transform3D(-0.0066648396, -0.07633355, -0.997057, -0.09509156, -0.99251527, 0.07662262, -0.9954383, 0.095324315, -0.00063399377, -0.07516745, -0.13492447, -0.18583678)
bind/28/name = &"Lower Leg R"
bind/28/bone = -1
bind/28/pose = Transform3D(0.0006315291, 0.03778829, -0.9992827, -0.016714146, -0.99914587, -0.03779262, -0.99985224, 0.016727109, 1.0435358e-05, 0.05766932, -1.148205, -0.27712947)
bind/29/name = &"Ankle R"
bind/29/bone = -1
bind/29/pose = Transform3D(-0.007567016, -0.61937296, -0.78505766, -5.3860135e-06, -0.785083, 0.61938936, -0.9999635, 0.0046921074, 0.005947263, -1.6578709, -2.0312319, -0.30845103)
bind/30/name = &"Foot R"
bind/30/bone = -1
bind/30/pose = Transform3D(-0.007567052, -0.99997145, -2.4846498e-08, -9.838181e-06, -6.1267184e-07, 0.999997, -0.9999635, 0.007568014, -2.776256e-10, -2.846938, -0.13556175, -0.29946405)
bind/31/name = &"Arm IK L"
bind/31/bone = -1
bind/31/pose = Transform3D(0.16640113, -0.9808984, 0.10074183, 0.9859141, 0.16725187, 1.6763803e-08, -0.016849278, 0.0993228, 0.99491256, 1.3430026, -2.2292666, -0.075556606)
bind/32/name = &"Leg IK L"
bind/32/bone = -1
bind/32/pose = Transform3D(-0.007567042, 0.61937433, 0.7850593, 1.9790603e-08, -0.78508174, 0.61939204, 0.99997133, 0.0046869516, 0.005940729, 1.6578742, -2.0312269, -0.30846733)
bind/33/name = &"Elbow IK L"
bind/33/bone = -1
bind/33/pose = Transform3D(0.099864945, -0.995001, -2.2174469e-17, -2.2204458e-16, -1.6543612e-24, -1, 0.995001, 0.099864945, -2.2093458e-16, 1.560478, -0.45023513, -1.4412398)
bind/34/name = &"Knee IK L"
bind/34/bone = -1
bind/34/pose = Transform3D(-1, 0, 2.2204458e-16, 2.2204458e-16, 0, 1, 0, 1, 0, 0.29518706, -0.63140786, 1.1453435)
bind/35/name = &"Arm IK R"
bind/35/bone = -1
bind/35/pose = Transform3D(0.16640113, 0.9808984, -0.10074183, -0.9859141, 0.16725187, 1.6763803e-08, 0.016849278, 0.0993228, 0.99491256, -1.3430026, -2.2292666, -0.075556606)
bind/36/name = &"Leg IK R"
bind/36/bone = -1
bind/36/pose = Transform3D(-0.007567042, -0.61937433, -0.7850593, -1.9790603e-08, -0.78508174, 0.61939204, -0.99997133, 0.0046869516, 0.005940729, -1.6578742, -2.0312269, -0.30846733)
bind/37/name = &"Elbow IK R"
bind/37/bone = -1
bind/37/pose = Transform3D(0.099864945, 0.995001, -2.2174469e-17, -2.2204458e-16, 1.6543612e-24, -1, -0.995001, 0.099864945, 2.2093458e-16, -1.560478, -0.45023513, -1.4412398)
bind/38/name = &"Knee IK R"
bind/38/bone = -1
bind/38/pose = Transform3D(-1, 0, 2.2204458e-16, 2.2204458e-16, 0, 1, 0, 1, 0, -0.29518706, -0.63140786, 1.1453435)

[sub_resource type="JointLimitationCone3D" id="JointLimitationCone3D_qhqgy"]
angle = 2.6179938

[sub_resource type="JointLimitationCone3D" id="JointLimitationCone3D_dqkch"]
angle = 3.1415927

[sub_resource type="JointLimitationCone3D" id="JointLimitationCone3D_qlg0r"]

[sub_resource type="JointLimitationCone3D" id="JointLimitationCone3D_t01tg"]
angle = 2.6179938

[sub_resource type="JointLimitationCone3D" id="JointLimitationCone3D_gv6bp"]
angle = 3.1415927

[sub_resource type="JointLimitationCone3D" id="JointLimitationCone3D_pewrh"]

[sub_resource type="CylinderMesh" id="CylinderMesh_0o143"]

[sub_resource type="CylinderMesh" id="CylinderMesh_qhqgy"]
height = 1.0

[sub_resource type="Animation" id="Animation_qlg0r"]
length = 0.001
tracks/0/type = "value"
tracks/0/imported = false
tracks/0/enabled = true
tracks/0/path = NodePath("../../../IKOffset3:position")
tracks/0/interp = 1
tracks/0/loop_wrap = true
tracks/0/keys = {
"times": PackedFloat32Array(0),
"transitions": PackedFloat32Array(1),
"update": 0,
"values": [Vector3(-0.108593866, -0.9607407, 0.03304644)]
}
tracks/1/type = "value"
tracks/1/imported = false
tracks/1/enabled = true
tracks/1/path = NodePath("../../../IKOffset4:position")
tracks/1/interp = 1
tracks/1/loop_wrap = true
tracks/1/keys = {
"times": PackedFloat32Array(0),
"transitions": PackedFloat32Array(1),
"update": 0,
"values": [Vector3(0.109, -0.961, 0.033)]
}

[sub_resource type="Animation" id="Animation_tuyoq"]
resource_name = "left_step"
length = 0.4
tracks/0/type = "value"
tracks/0/imported = false
tracks/0/enabled = true
tracks/0/path = NodePath("../../../IKOffset3:position")
tracks/0/interp = 1
tracks/0/loop_wrap = true
tracks/0/keys = {
"times": PackedFloat32Array(0, 0.2, 0.3, 0.4, 0.5),
"transitions": PackedFloat32Array(1, 1, 0.5, 1, 1),
"update": 0,
"values": [Vector3(-0.108593866, -0.9607407, 0.03304644), Vector3(-0.109, -0.692, 0.5), Vector3(-0.109, -0.62, -0.5), Vector3(-0.108593866, -0.9607407, 0.03304644), Vector3(-0.108593866, -0.9607407, 0.03304644)]
}

[sub_resource type="Animation" id="Animation_fjrip"]
resource_name = "right_step"
length = 0.4
tracks/0/type = "value"
tracks/0/imported = false
tracks/0/enabled = true
tracks/0/path = NodePath("../../../IKOffset4:position")
tracks/0/interp = 1
tracks/0/loop_wrap = true
tracks/0/keys = {
"times": PackedFloat32Array(0, 0.2, 0.3, 0.4, 0.5),
"transitions": PackedFloat32Array(1, 1, 0.5, 1, 1),
"update": 0,
"values": [Vector3(0.109, -0.961, 0.033), Vector3(0.109, -0.692, 0.5), Vector3(0.109, -0.62, -0.5), Vector3(0.109, -0.961, 0.033), Vector3(0.109, -0.961, 0.033)]
}

[sub_resource type="Animation" id="Animation_dqkch"]
resource_name = "standing"
length = 0.1
tracks/0/type = "value"
tracks/0/imported = false
tracks/0/enabled = true
tracks/0/path = NodePath("../../../IKOffset3:position")
tracks/0/interp = 1
tracks/0/loop_wrap = true
tracks/0/keys = {
"times": PackedFloat32Array(0),
"transitions": PackedFloat32Array(1),
"update": 0,
"values": [Vector3(-0.108593866, -0.9607407, 0.03304644)]
}
tracks/1/type = "value"
tracks/1/imported = false
tracks/1/enabled = true
tracks/1/path = NodePath("../../../IKOffset4:position")
tracks/1/interp = 1
tracks/1/loop_wrap = true
tracks/1/keys = {
"times": PackedFloat32Array(0),
"transitions": PackedFloat32Array(1),
"update": 0,
"values": [Vector3(0.109, -0.961, 0.033)]
}

[sub_resource type="AnimationLibrary" id="AnimationLibrary_qlg0r"]
_data = {
&"RESET": SubResource("Animation_qlg0r"),
&"left_step": SubResource("Animation_tuyoq"),
&"right_step": SubResource("Animation_fjrip"),
&"standing": SubResource("Animation_dqkch")
}

[sub_resource type="AnimationNodeTimeScale" id="AnimationNodeTimeScale_dqkch"]

[sub_resource type="AnimationNodeAnimation" id="AnimationNodeAnimation_dqkch"]
animation = &"left_step"

[sub_resource type="AnimationNodeAnimation" id="AnimationNodeAnimation_qlg0r"]
animation = &"right_step"

[sub_resource type="AnimationNodeAnimation" id="AnimationNodeAnimation_tuyoq"]
animation = &"standing"

[sub_resource type="AnimationNodeStateMachineTransition" id="AnimationNodeStateMachineTransition_fjrip"]
advance_mode = 2

[sub_resource type="AnimationNodeStateMachineTransition" id="AnimationNodeStateMachineTransition_smehm"]
xfade_time = 0.05

[sub_resource type="AnimationNodeStateMachineTransition" id="AnimationNodeStateMachineTransition_ur7pv"]
switch_mode = 2
advance_mode = 2

[sub_resource type="AnimationNodeStateMachineTransition" id="AnimationNodeStateMachineTransition_y4r1p"]
switch_mode = 2
advance_mode = 2

[sub_resource type="AnimationNodeStateMachineTransition" id="AnimationNodeStateMachineTransition_d2wvv"]
xfade_time = 0.05

[sub_resource type="AnimationNodeStateMachineTransition" id="AnimationNodeStateMachineTransition_3v2ag"]
xfade_time = 0.05

[sub_resource type="AnimationNodeStateMachineTransition" id="AnimationNodeStateMachineTransition_jej6c"]
xfade_time = 0.5

[sub_resource type="AnimationNodeStateMachine" id="AnimationNodeStateMachine_f1ej7"]
states/left_step/node = SubResource("AnimationNodeAnimation_dqkch")
states/left_step/position = Vector2(654, 89)
states/right_step/node = SubResource("AnimationNodeAnimation_qlg0r")
states/right_step/position = Vector2(671, 146)
states/standing/node = SubResource("AnimationNodeAnimation_tuyoq")
states/standing/position = Vector2(350, 100)
transitions = ["Start", "standing", SubResource("AnimationNodeStateMachineTransition_fjrip"), "standing", "left_step", SubResource("AnimationNodeStateMachineTransition_smehm"), "left_step", "right_step", SubResource("AnimationNodeStateMachineTransition_ur7pv"), "right_step", "left_step", SubResource("AnimationNodeStateMachineTransition_y4r1p"), "right_step", "standing", SubResource("AnimationNodeStateMachineTransition_d2wvv"), "left_step", "standing", SubResource("AnimationNodeStateMachineTransition_3v2ag"), "standing", "right_step", SubResource("AnimationNodeStateMachineTransition_jej6c")]
graph_offset = Vector2(20, -43)

[sub_resource type="AnimationNodeBlendTree" id="AnimationNodeBlendTree_h3b12"]
nodes/output/position = Vector2(360, 160)
nodes/WalkState/node = SubResource("AnimationNodeStateMachine_f1ej7")
nodes/WalkState/position = Vector2(-80, 140)
nodes/TimeScale/node = SubResource("AnimationNodeTimeScale_dqkch")
nodes/TimeScale/position = Vector2(200, 140)
node_connections = [&"output", 0, &"TimeScale", &"TimeScale", 0, &"WalkState"]

[sub_resource type="CapsuleMesh" id="CapsuleMesh_g36yv"]

[sub_resource type="CapsuleShape3D" id="CapsuleShape3D_i20g8"]
radius = 0.2

[sub_resource type="CylinderShape3D" id="CylinderShape3D_h45xw"]
height = 0.2
radius = 0.18

[node name="Player" type="RigidBody3D" unique_id=278666006 groups=["player"]]
physics_material_override = SubResource("PhysicsMaterial_dqkch")
can_sleep = false
lock_rotation = true
script = ExtResource("1_g2els")

[node name="Pivot" type="Node3D" parent="." unique_id=185476992]

[node name="Pivot2" type="Node3D" parent="Pivot" unique_id=1872297324]

[node name="Model" type="Node3D" parent="Pivot/Pivot2" unique_id=115772085]

[node name="Armature_001" type="Node3D" parent="Pivot/Pivot2/Model" unique_id=481630419]
transform = Transform3D(-0.34, 0, -2.9723743e-08, 0, 0.34, 0, 2.9723743e-08, 0, -0.34, 0, 0, 0)

[node name="Skeleton3D" type="Skeleton3D" parent="Pivot/Pivot2/Model/Armature_001" unique_id=882497560]
bones/0/name = "Main Controller"
bones/0/parent = -1
bones/0/rest = Transform3D(1, -2.2204459e-16, 0, 0, 0, 1, -2.2204459e-16, -1, 0, -6.509891e-16, -2.8233273, 0.39345062)
bones/0/enabled = true
bones/0/position = Vector3(-6.509891e-16, -2.8233273, 0.39345062)
bones/0/rotation = Quaternion(-0.70710677, 7.8504615e-17, 7.8504615e-17, 0.70710677)
bones/0/scale = Vector3(1, 1, 1)
bones/1/name = "Hip"
bones/1/parent = 0
bones/1/rest = Transform3D(1, 0, 2.3841855e-07, 2.3224237e-07, 0.22613834, -0.97409517, -5.3915578e-08, 0.97409517, 0.22613834, 7.3835264e-16, 0.39345062, 2.7782872)
bones/1/enabled = true
bones/1/position = Vector3(7.3835264e-16, 0.39345062, 2.7782872)
bones/1/rotation = Quaternion(0.62203765, 9.333935e-08, 7.415266e-08, 0.78298736)
bones/1/scale = Vector3(1, 0.99999994, 0.99999994)
bones/2/name = "Spine"
bones/2/parent = 1
bones/2/rest = Transform3D(1, -1.2532553e-07, 2.7401464e-07, 2.50651e-07, 0.8506989, -0.52565324, -1.6722622e-07, 0.5256533, 0.8506988, 1.5363721e-15, 0.35728183, 1.8626451e-09)
bones/2/enabled = true
bones/2/position = Vector3(1.5363721e-15, 0.35728183, 1.8626451e-09)
bones/2/rotation = Quaternion(0.27322254, 1.1467345e-07, 9.771199e-08, 0.9619509)
bones/2/scale = Vector3(1, 1, 0.9999999)
bones/3/name = "Chest"
bones/3/parent = 2
bones/3/rest = Transform3D(1, 2.012687e-07, 4.455881e-08, -2.012687e-07, 0.90655345, 0.42209098, 4.455876e-08, -0.42209098, 0.90655345, -2.626171e-15, 0.4335379, -3.7252903e-09)
bones/3/enabled = true
bones/3/position = Vector3(-2.626171e-15, 0.4335379, -3.7252903e-09)
bones/3/rotation = Quaternion(-0.21615563, 1.273558e-14, -1.0307105e-07, 0.97635895)
bones/3/scale = Vector3(1, 0.99999994, 0.99999994)
bones/4/name = "Shoulder L"
bones/4/parent = 3
bones/4/rest = Transform3D(0.09880829, 0.9941221, 0.044251636, -0.9950567, 0.09915036, -0.005597921, -0.009952581, -0.04347977, 0.9990047, -3.3208554e-15, 0.95111597, 7.450581e-09)
bones/4/enabled = true
bones/4/position = Vector3(-3.3208554e-15, 0.95111597, 7.450581e-09)
bones/4/rotation = Quaternion(-0.0127787925, 0.018284865, -0.6710154, 0.7411078)
bones/4/scale = Vector3(0.99999994, 1, 1)
bones/5/name = "Upper Arm L"
bones/5/parent = 4
bones/5/rest = Transform3D(0.9951064, 0.09880845, 0.00034413696, -0.09869532, 0.994122, -0.044503868, -0.0047394726, 0.04425212, 0.99900913, -2.142042e-08, 0.39997944, -5.5879354e-09)
bones/5/enabled = true
bones/5/position = Vector3(-2.142042e-08, 0.39997944, -5.5879354e-09)
bones/5/rotation = Quaternion(0.022221696, 0.0012727751, -0.049448702, 0.9985286)
bones/5/scale = Vector3(1, 1, 0.99999994)
bones/6/name = "Lower Arm L"
bones/6/parent = 5
bones/6/rest = Transform3D(0.9999999, -0.00034736376, -8.82779e-06, 0.00034722834, 0.99992377, -0.012341377, 1.3114064e-05, 0.0123413745, 0.99992377, 1.587266e-08, 0.8805695, 3.782651e-09)
bones/6/enabled = true
bones/6/position = Vector3(1.587266e-08, 0.8805695, 3.782651e-09)
bones/6/rotation = Quaternion(0.0061708065, -5.4855686e-06, 0.00017365135, 0.9999809)
bones/6/scale = Vector3(0.99999994, 0.99999994, 0.9999999)
bones/7/name = "Wrist L"
bones/7/parent = 6
bones/7/rest = Transform3D(0.98611313, -0.1660743, 0.0005378548, 0.16607504, 0.98610294, -0.0045086625, 0.00021839287, 0.004535376, 0.9999897, 8.364441e-08, 0.6949703, -5.5879354e-09)
bones/7/enabled = true
bones/7/position = Vector3(8.364441e-08, 0.6949703, -5.5879354e-09)
bones/7/rotation = Quaternion(0.002268906, 8.014441e-05, 0.08332734, 0.9965196)
bones/7/scale = Vector3(1, 1.0000001, 1)
bones/8/name = "Palm L"
bones/8/parent = 7
bones/8/rest = Transform3D(0.99946904, 0.03258134, 5.391067e-05, -0.032581344, 0.99946356, 0.0032990908, 5.360707e-05, -0.0032990957, 0.9999945, 1.1175871e-07, 0.12014443, -2.6077032e-08)
bones/8/enabled = true
bones/8/position = Vector3(1.1175871e-07, 0.12014443, -2.6077032e-08)
bones/8/rotation = Quaternion(-0.0016497679, 7.591024e-08, -0.016292857, 0.9998659)
bones/8/scale = Vector3(0.99999994, 0.99999994, 0.99999994)
bones/9/name = "Fingers L"
bones/9/parent = 8
bones/9/rest = Transform3D(0.89393204, 0.44807374, 0.010740166, -0.44807374, 0.8928445, 0.045370523, 0.010740041, -0.04537055, 0.9989125, 3.1664968e-08, 0.17445661, -7.450581e-09)
bones/9/enabled = true
bones/9/position = Vector3(3.1664968e-08, 0.17445661, -7.450581e-09)
bones/9/rotation = Quaternion(-0.023318544, 3.1830925e-08, -0.23029104, 0.9728424)
bones/9/scale = Vector3(0.99999994, 0.99999994, 1)
bones/10/name = "Thumb L"
bones/10/parent = 7
bones/10/rest = Transform3D(0.95100904, 0.30683714, -0.03784872, 0.022674708, -0.19131815, -0.98126596, -0.30833003, 0.93233484, -0.18890275, 1.1175871e-07, 0.12014443, -2.6077032e-08)
bones/10/enabled = true
bones/10/position = Vector3(1.1175871e-07, 0.12014443, -2.6077032e-08)
bones/10/rotation = Quaternion(0.7634183, 0.10790674, -0.11336473, 0.62665546)
bones/10/scale = Vector3(0.9999998, 0.99999994, 0.9999998)
bones/11/name = "Thumb Two L"
bones/11/parent = 10
bones/11/rest = Transform3D(0.8939078, 0.44824994, -0.00093698496, -0.21835753, 0.437276, 0.8724159, 0.3914701, -0.77965486, 0.48876312, -1.8067658e-07, 0.14717382, 2.7287751e-07)
bones/11/enabled = true
bones/11/position = Vector3(-1.8067658e-07, 0.14717382, 2.7287751e-07)
bones/11/rotation = Quaternion(-0.49190158, -0.11683861, -0.19848135, 0.8396349)
bones/11/scale = Vector3(1, 1, 0.9999999)
bones/12/name = "Neck Two"
bones/12/parent = 3
bones/12/rest = Transform3D(1, 9.422957e-09, 9.315584e-11, -9.422957e-09, 0.99980474, 0.019761408, 9.307324e-11, -0.019761408, 0.99980474, -3.3208554e-15, 0.95111597, 7.450581e-09)
bones/12/enabled = true
bones/12/position = Vector3(-3.3208554e-15, 0.95111597, 7.450581e-09)
bones/12/rotation = Quaternion(-0.009881187, 2.0649423e-14, -4.711709e-09, 0.9999512)
bones/12/scale = Vector3(1, 1, 1)
bones/13/name = "Neck"
bones/13/parent = 12
bones/13/rest = Transform3D(1, -2.129677e-07, 5.020094e-08, 2.129677e-07, 0.89472085, -0.44662565, 5.020102e-08, 0.44662565, 0.89472085, 3.3053792e-15, 0.26976147, -1.4901161e-08)
bones/13/enabled = true
bones/13/position = Vector3(3.3053792e-15, 0.26976147, -1.4901161e-08)
bones/13/rotation = Quaternion(0.2294331, -2.007545e-14, 1.0940222e-07, 0.9733244)
bones/13/scale = Vector3(1, 0.99999994, 0.99999994)
bones/14/name = "Head"
bones/14/parent = 13
bones/14/rest = Transform3D(1, 1.5580012e-07, 2.617097e-08, -1.5580012e-07, 0.94511545, 0.32673657, 2.617101e-08, -0.32673654, 0.9451155, 1.9531983e-14, 0.25101984, -2.6579073e-08)
bones/14/enabled = true
bones/14/position = Vector3(1.9531983e-14, 0.25101984, -2.6579073e-08)
bones/14/rotation = Quaternion(-0.16565709, -9.906841e-15, -7.8991455e-08, 0.98618346)
bones/14/scale = Vector3(1, 0.99999994, 1)
bones/15/name = "Shoulder R"
bones/15/parent = 3
bones/15/rest = Transform3D(0.09880859, -0.9941219, -0.0442526, 0.9950567, 0.09915066, -0.005597914, 0.009952685, -0.043480717, 0.9990047, -3.6087716e-15, 0.95111597, 7.450581e-09)
bones/15/enabled = true
bones/15/position = Vector3(-3.6087716e-15, 0.95111597, 7.450581e-09)
bones/15/rotation = Quaternion(-0.012779112, -0.018285219, 0.6710152, 0.74110794)
bones/15/scale = Vector3(1, 0.9999999, 1)
bones/16/name = "Upper Arm R"
bones/16/parent = 15
bones/16/rest = Transform3D(0.9951064, -0.09880845, -0.00034414371, 0.09869532, 0.994122, -0.044503868, 0.004739479, 0.04425212, 0.99900913, 2.188608e-08, 0.39997947, -1.8626451e-09)
bones/16/enabled = true
bones/16/position = Vector3(2.188608e-08, 0.39997947, -1.8626451e-09)
bones/16/rotation = Quaternion(0.022221696, -0.0012727784, 0.049448702, 0.9985286)
bones/16/scale = Vector3(1, 1, 0.99999994)
bones/17/name = "Lower Arm R"
bones/17/parent = 16
bones/17/rest = Transform3D(0.99999994, 0.00034735567, 8.827892e-06, -0.00034722022, 0.99992394, -0.012341379, -1.3114066e-05, 0.012341378, 0.9999238, -2.5950461e-08, 0.88056993, 5.944027e-11)
bones/17/enabled = true
bones/17/position = Vector3(-2.5950461e-08, 0.88056993, 5.944027e-11)
bones/17/rotation = Quaternion(0.006170807, 5.4855946e-06, -0.00017364729, 0.9999809)
bones/17/scale = Vector3(1, 1.0000001, 0.99999994)
bones/18/name = "Wrist R"
bones/18/parent = 17
bones/18/rest = Transform3D(0.98611313, 0.1660743, -0.00053785584, -0.16607504, 0.98610294, -0.004508662, -0.00021839177, 0.0045353756, 0.9999897, -8.411007e-08, 0.69497055, 1.6763806e-08)
bones/18/enabled = true
bones/18/position = Vector3(-8.411007e-08, 0.69497055, 1.6763806e-08)
bones/18/rotation = Quaternion(0.0022689058, -8.014495e-05, -0.08332734, 0.9965196)
bones/18/scale = Vector3(1, 1.0000001, 1)
bones/19/name = "Palm R"
bones/19/parent = 18
bones/19/rest = Transform3D(0.999469, -0.032581314, -5.3911772e-05, 0.032581322, 0.99946344, 0.0032990887, -5.360582e-05, -0.0032990933, 0.99999446, 6.9849193e-09, 0.12014449, 0)
bones/19/enabled = true
bones/19/position = Vector3(6.9849193e-09, 0.12014449, 0)
bones/19/rotation = Quaternion(-0.00165, 0.61, 0.016293, 0.999866)
bones/19/scale = Vector3(0.9999999, 0.9999998, 0.9999999)
bones/20/name = "Fingers R"
bones/20/parent = 19
bones/20/rest = Transform3D(0.8939321, -0.44807374, -0.010740159, 0.44807374, 0.89284456, 0.045370508, -0.01074004, -0.045370538, 0.9989125, 5.7742e-08, 0.17445675, 5.5879354e-09)
bones/20/enabled = true
bones/20/position = Vector3(5.7742e-08, 0.17445675, 5.5879354e-09)
bones/20/rotation = Quaternion(-0.028319, 0, 0.910291, 0.972842)
bones/20/scale = Vector3(1, 1, 1)
bones/21/name = "Thumb R"
bones/21/parent = 18
bones/21/rest = Transform3D(0.9510091, -0.30683714, 0.03784872, -0.022674708, -0.19131814, -0.98126596, 0.30833003, 0.9323348, -0.18890275, 6.9849193e-09, 0.12014449, 0)
bones/21/enabled = true
bones/21/position = Vector3(6.9849193e-09, 0.12014449, 0)
bones/21/rotation = Quaternion(3.343418, -0.072907, 0.913365, 0.471655)
bones/21/scale = Vector3(0.9999999, 0.9999999, 0.9999998)
bones/22/name = "Thumb Two R"
bones/22/parent = 21
bones/22/rest = Transform3D(0.8939078, -0.44824973, 0.000937134, 0.21835734, 0.43727607, 0.872416, -0.39147004, -0.77965474, 0.4887632, 9.126961e-08, 0.14717384, 4.3213367e-07)
bones/22/enabled = true
bones/22/position = Vector3(9.126961e-08, 0.14717384, 4.3213367e-07)
bones/22/rotation = Quaternion(-0.49190155, 0.11683865, 0.19848125, 0.83963495)
bones/22/scale = Vector3(0.9999999, 0.9999998, 1)
bones/23/name = "Upper Leg L"
bones/23/parent = 1
bones/23/rest = Transform3D(-0.006669901, 0.09509246, 0.9954541, -0.15111813, -0.98413146, 0.09299979, 0.9884965, -0.14980918, 0.02093435, 0.19832411, -0.060268164, -0.08044089)
bones/23/enabled = true
bones/23/position = Vector3(0.19832411, -0.06026817, -0.080440894)
bones/23/rotation = Quaternion(0.6993796, -0.02002675, 0.7091783, -0.08679413)
bones/23/scale = Vector3(1.0000035, 1.0000001, 1.0000079)
bones/24/name = "Lower Leg L"
bones/24/parent = 23
bones/24/rest = Transform3D(0.993459, -0.11406217, -0.0053865714, 0.114131995, 0.99036103, 0.078478016, -0.003616722, -0.07857946, 0.99690133, 1.1874363e-08, 1.0305434, -4.904905e-09)
bones/24/enabled = true
bones/24/position = Vector3(-0.009774208, 1.0304968, 9.1165304e-05)
bones/24/rotation = Quaternion(-0.03928905, -0.0001836678, 0.06193454, 0.9973066)
bones/24/scale = Vector3(0.9999998, 0.9999999, 0.99999976)
bones/25/name = "Ankle L"
bones/25/parent = 24
bones/25/rest = Transform3D(0.76108986, 0.64861506, 0.006387354, -0.64864045, 0.7610035, 0.011802041, 0.0027941829, -0.013125511, 0.99990994, 7.785275e-09, 1.4765723, 2.750025e-08)
bones/25/enabled = true
bones/25/position = Vector3(0.023770459, 1.4753509, -0.0003619194)
bones/25/rotation = Quaternion(-0.0063174083, 0.0006439574, -0.35032445, 0.9366069)
bones/25/scale = Vector3(0.9999999, 1, 1)
bones/26/name = "Foot L"
bones/26/parent = 25
bones/26/rest = Transform3D(0.6194129, 0.7850599, -0.0028879386, -0.7850599, 0.61939114, -0.00594155, -0.002875709, 0.0059474786, 0.9999781, -5.2852556e-08, 0.28597155, -1.5948899e-08)
bones/26/enabled = true
bones/26/position = Vector3(-5.2852556e-08, 0.28597155, -1.5948899e-08)
bones/26/rotation = Quaternion(0.003303129, -3.397896e-06, -0.43622643, 0.8998309)
bones/26/scale = Vector3(0.9999998, 0.9999999, 0.99999994)
bones/27/name = "Upper Leg R"
bones/27/parent = 1
bones/27/rest = Transform3D(-0.0066694226, -0.09509241, -0.99545383, 0.15111808, -0.98413146, 0.09299979, -0.9884964, -0.1498092, 0.020933867, -0.19832405, -0.06026816, -0.08044099)
bones/27/enabled = true
bones/27/position = Vector3(-0.19832405, -0.06026816, -0.08044099)
bones/27/rotation = Quaternion(-0.6993798, -0.020026747, 0.70917815, 0.086794145)
bones/27/scale = Vector3(1.0000031, 1, 1.0000077)
bones/28/name = "Lower Leg R"
bones/28/parent = 27
bones/28/rest = Transform3D(0.993459, 0.1140622, 0.005386581, -0.114132024, 0.99036103, 0.07847804, 0.0036167167, -0.078579485, 0.99690133, -1.6298145e-09, 1.0305434, -8.794814e-09)
bones/28/enabled = true
bones/28/position = Vector3(-1.6298145e-09, 1.0305434, -8.794814e-09)
bones/28/rotation = Quaternion(-0.039359342, 0.00044353618, -0.057186533, 0.99758726)
bones/28/scale = Vector3(0.99999994, 0.99999994, 1)
bones/29/name = "Ankle R"
bones/29/parent = 28
bones/29/rest = Transform3D(0.76108974, -0.6486152, -0.006387448, 0.6486406, 0.7610034, 0.011802207, -0.00279422, -0.013125696, 0.99990994, -7.741619e-09, 1.4765722, -4.2658e-08)
bones/29/enabled = true
bones/29/position = Vector3(-7.741619e-09, 1.4765722, -4.2658e-08)
bones/29/rotation = Quaternion(-0.006641419, -0.0009573262, 0.3456215, 0.93835)
bones/29/scale = Vector3(1, 1, 0.99999994)
bones/30/name = "Foot R"
bones/30/parent = 29
bones/30/rest = Transform3D(0.61941284, -0.78506017, 0.0028877163, 0.78506017, 0.619391, -0.0059415153, 0.002875821, 0.005947282, 0.9999782, 1.7276034e-07, 0.28597173, -2.0605512e-08)
bones/30/enabled = true
bones/30/position = Vector3(1.7276034e-07, 0.28597173, -2.0605512e-08)
bones/30/rotation = Quaternion(0.0033030647, 3.3049407e-06, 0.43622655, 0.8998308)
bones/30/scale = Vector3(1, 1, 1)
bones/31/name = "Arm IK L"
bones/31/parent = 0
bones/31/rest = Transform3D(0.16640095, 0.98591435, -0.016849354, -0.10074164, -1.2971746e-07, -0.9949126, -0.9808985, 0.16725187, 0.09932259, 1.9731154, 0.45357496, 4.5210304)
bones/31/enabled = true
bones/31/position = Vector3(1.9731154, 0.45357496, 4.5210304)
bones/31/rotation = Quaternion(0.51649743, 0.42844963, -0.4829394, 0.5625219)
bones/31/scale = Vector3(1, 1.0000001, 1)
bones/32/name = "Leg IK L"
bones/32/parent = 0
bones/32/rest = Transform3D(-0.007567048, 2.9802322e-08, 0.9999714, -0.78505945, -0.61939216, -0.0059407055, 0.6193743, -0.78508186, 0.004686892, 0.32100368, 0.43502212, 0.20324898)
bones/32/enabled = true
bones/32/position = Vector3(0.32100368, 0.43502212, 0.20324898)
bones/32/rotation = Quaternion(0.63386476, -0.30963206, 0.6386795, -0.30729792)
bones/32/scale = Vector3(1, 1, 1)
bones/33/name = "Elbow IK L"
bones/33/parent = 0
bones/33/rest = Transform3D(0.09986496, 0, 0.995001, 0, 1, 0, -0.995001, 0, 0.09986496, 1.278198, 0.84368575, 4.5199337)
bones/33/enabled = true
bones/33/position = Vector3(1.278198, 0.84368575, 4.5199337)
bones/33/rotation = Quaternion(0, 0.6708707, 0, 0.74157435)
bones/33/scale = Vector3(1, 1, 1)
bones/34/name = "Knee IK L"
bones/34/parent = 0
bones/34/rest = Transform3D(-1, 0, 0, 0, -1, 0, 0, 0, 1, 0.29518706, -0.23795724, 1.6779838)
bones/34/enabled = true
bones/34/position = Vector3(0.29518706, -0.23795724, 1.6779838)
bones/34/rotation = Quaternion(0, 0, 1, 0)
bones/34/scale = Vector3(1, 1, 1)
bones/35/name = "Arm IK R"
bones/35/parent = 0
bones/35/rest = Transform3D(0.16640095, -0.98591435, 0.016849354, 0.10074164, -1.2971746e-07, -0.9949126, 0.9808985, 0.16725187, 0.09932259, -1.9731154, 0.45357496, 4.5210304)
bones/35/enabled = true
bones/35/position = Vector3(-1.9731154, 0.45357496, 4.5210304)
bones/35/rotation = Quaternion(0.51649743, -0.42844963, 0.4829394, 0.5625219)
bones/35/scale = Vector3(1, 1.0000001, 1)
bones/36/name = "Leg IK R"
bones/36/parent = 0
bones/36/rest = Transform3D(-0.007567048, -2.9802322e-08, -0.9999714, 0.78505945, -0.61939216, -0.0059407055, -0.6193743, -0.78508186, 0.004686892, -0.32100368, 0.43502212, 0.20324898)
bones/36/enabled = true
bones/36/position = Vector3(-0.32100368, 0.43502212, 0.20324898)
bones/36/rotation = Quaternion(-0.63386476, -0.30963206, 0.6386795, 0.30729792)
bones/36/scale = Vector3(1, 1, 1)
bones/37/name = "Elbow IK R"
bones/37/parent = 0
bones/37/rest = Transform3D(0.09986496, 0, -0.995001, 0, 1, 0, 0.995001, 0, 0.09986496, -1.278198, 0.84368575, 4.5199337)
bones/37/enabled = true
bones/37/position = Vector3(-1.278198, 0.84368575, 4.5199337)
bones/37/rotation = Quaternion(0, -0.6708707, 0, 0.74157435)
bones/37/scale = Vector3(1, 1, 1)
bones/38/name = "Knee IK R"
bones/38/parent = 0
bones/38/rest = Transform3D(-1, 0, 0, 0, -1, 0, 0, 0, 1, -0.29518706, -0.23795724, 1.6779838)
bones/38/enabled = true
bones/38/position = Vector3(-0.29518706, -0.23795724, 1.6779838)
bones/38/rotation = Quaternion(0, 0, 1, 0)
bones/38/scale = Vector3(1, 1, 1)

[node name="MeshInstance3D" type="MeshInstance3D" parent="Pivot/Pivot2/Model/Armature_001/Skeleton3D" unique_id=901676701]
mesh = ExtResource("2_dqkch")
skin = SubResource("Skin_dv487")
skeleton = NodePath("..")

[node name="CCDIK3D" type="CCDIK3D" parent="Pivot/Pivot2/Model/Armature_001/Skeleton3D" unique_id=1714455100]
setting_count = 1
settings/0/target_node = NodePath("../../../../IKOffset")
settings/0/root_bone_name = "Upper Arm R"
settings/0/root_bone = 16
settings/0/end_bone_name = "Wrist R"
settings/0/end_bone = 18
settings/0/extend_end_bone = false
settings/0/joint_count = 3
settings/0/joints/0/rotation_axis = 3
settings/0/joints/0/limitation = SubResource("JointLimitationCone3D_qhqgy")
settings/0/joints/0/limitation/right_axis = 0
settings/0/joints/0/limitation/rotation_offset = Quaternion(0, 0, 0, 1)
settings/0/joints/1/rotation_axis = 3
settings/0/joints/1/limitation = SubResource("JointLimitationCone3D_dqkch")
settings/0/joints/1/limitation/right_axis = 0
settings/0/joints/1/limitation/rotation_offset = Quaternion(0, 0, 0, 1)
settings/0/joints/2/rotation_axis = 3
settings/0/joints/2/limitation = SubResource("JointLimitationCone3D_qlg0r")
settings/0/joints/2/limitation/right_axis = 0
settings/0/joints/2/limitation/rotation_offset = Quaternion(0, 0, 0, 1)

[node name="CCDIK3D2" type="CCDIK3D" parent="Pivot/Pivot2/Model/Armature_001/Skeleton3D" unique_id=87079683]
setting_count = 1
settings/0/target_node = NodePath("../../../../IKOffset2")
settings/0/root_bone_name = "Upper Arm L"
settings/0/root_bone = 5
settings/0/end_bone_name = "Wrist L"
settings/0/end_bone = 7
settings/0/extend_end_bone = false
settings/0/joint_count = 3
settings/0/joints/0/rotation_axis = 3
settings/0/joints/0/limitation = SubResource("JointLimitationCone3D_t01tg")
settings/0/joints/0/limitation/right_axis = 0
settings/0/joints/0/limitation/rotation_offset = Quaternion(0, 0, 0, 1)
settings/0/joints/1/rotation_axis = 3
settings/0/joints/1/limitation = SubResource("JointLimitationCone3D_gv6bp")
settings/0/joints/1/limitation/right_axis = 0
settings/0/joints/1/limitation/rotation_offset = Quaternion(0, 0, 0, 1)
settings/0/joints/2/rotation_axis = 3
settings/0/joints/2/limitation = SubResource("JointLimitationCone3D_pewrh")
settings/0/joints/2/limitation/right_axis = 0
settings/0/joints/2/limitation/rotation_offset = Quaternion(0, 0, 0, 1)

[node name="BoneAttachment3D" type="BoneAttachment3D" parent="Pivot/Pivot2/Model/Armature_001/Skeleton3D" unique_id=2081248552]
transform = Transform3D(-0.9834596, 0.114190295, 0.14059588, 0.13211885, -0.078724995, 0.9881025, 0.12390014, 0.9903346, 0.062336132, -1.1504844, 1.5020546, 0.88824064)
bone_name = "Palm R"
bone_idx = 19

[node name="Gun" type="Node3D" parent="Pivot/Pivot2/Model/Armature_001/Skeleton3D/BoneAttachment3D" unique_id=710526283]

[node name="Node3D" type="Node3D" parent="Pivot/Pivot2/Model/Armature_001/Skeleton3D/BoneAttachment3D/Gun" unique_id=123061666]
transform = Transform3D(0.9999999, 0, 0, 0, 0.9999998, 0, 0, 0, 0.99999994, 0, 0, 0)

[node name="MeshInstance3D" type="MeshInstance3D" parent="Pivot/Pivot2/Model/Armature_001/Skeleton3D/BoneAttachment3D/Gun/Node3D" unique_id=597725854]
transform = Transform3D(0.23500004, 1.8626451e-09, 7.450581e-09, 0, -7.450581e-09, -0.23500007, 5.5879354e-09, 0.23500004, -7.450581e-09, -0.17000005, 0, 0)
mesh = SubResource("CylinderMesh_0o143")
surface_material_override/0 = ExtResource("3_dqkch")

[node name="MeshInstance3D2" type="MeshInstance3D" parent="Pivot/Pivot2/Model/Armature_001/Skeleton3D/BoneAttachment3D/Gun/Node3D" unique_id=2138716249]
transform = Transform3D(0.50000006, -1.4901161e-08, 1.1175871e-08, 1.4901161e-08, 0.5000001, 7.450581e-09, 1.8626451e-08, 0, 0.50000006, -0.18, 0.355, 0.38)
mesh = SubResource("CylinderMesh_0o143")
surface_material_override/0 = ExtResource("3_dqkch")

[node name="Shooter" type="MeshInstance3D" parent="Pivot/Pivot2/Model/Armature_001/Skeleton3D/BoneAttachment3D/Gun/Node3D" unique_id=148070743]
transform = Transform3D(0.19, 2.2649606e-07, -3.7938244e-07, -2.2649674e-07, 0.19, -3.4257639e-07, 3.7938204e-07, 3.4257684e-07, 0.19, -0.18, 1, 0.38)
visible = false
mesh = SubResource("CylinderMesh_qhqgy")

[node name="LookAtModifier3D" type="LookAtModifier3D" parent="Pivot/Pivot2/Model/Armature_001/Skeleton3D" unique_id=1516269656]
bone_name = "Wrist R"
bone = 18
forward_axis = 2
primary_rotation_axis = 0

[node name="AnimationPlayer" type="AnimationPlayer" parent="Pivot/Pivot2/Model/Armature_001/Skeleton3D" unique_id=1262509340]
libraries/ = SubResource("AnimationLibrary_qlg0r")

[node name="AnimationTree" type="AnimationTree" parent="Pivot/Pivot2/Model/Armature_001/Skeleton3D" unique_id=1972956370]
tree_root = SubResource("AnimationNodeBlendTree_h3b12")
anim_player = NodePath("../AnimationPlayer")
parameters/TimeScale/scale = 1.0

[node name="CCDIK3D3" type="CCDIK3D" parent="Pivot/Pivot2/Model/Armature_001/Skeleton3D" unique_id=1599276341]
max_iterations = 11
setting_count = 1
settings/0/target_node = NodePath("../../../../IKOffset3")
settings/0/root_bone_name = "Upper Leg L"
settings/0/root_bone = 23
settings/0/end_bone_name = "Ankle L"
settings/0/end_bone = 25
settings/0/extend_end_bone = false
settings/0/joint_count = 3
settings/0/joints/0/rotation_axis = 3
settings/0/joints/0/limitation = null
settings/0/joints/1/rotation_axis = 2
settings/0/joints/1/limitation = null
settings/0/joints/2/rotation_axis = 3
settings/0/joints/2/limitation = null

[node name="CCDIK3D4" type="CCDIK3D" parent="Pivot/Pivot2/Model/Armature_001/Skeleton3D" unique_id=576549291]
max_iterations = 11
setting_count = 1
settings/0/target_node = NodePath("../../../../IKOffset4")
settings/0/root_bone_name = "Upper Leg R"
settings/0/root_bone = 27
settings/0/end_bone_name = "Ankle R"
settings/0/end_bone = 29
settings/0/extend_end_bone = false
settings/0/joint_count = 3
settings/0/joints/0/rotation_axis = 3
settings/0/joints/0/limitation = null
settings/0/joints/1/rotation_axis = 3
settings/0/joints/1/limitation = null
settings/0/joints/2/rotation_axis = 3
settings/0/joints/2/limitation = null

[node name="MeshInstance3D" type="MeshInstance3D" parent="Pivot/Pivot2" unique_id=1178222609]
visible = false
mesh = SubResource("CapsuleMesh_g36yv")
surface_material_override/0 = ExtResource("2_qhqgy")

[node name="IKOffset" type="Node3D" parent="Pivot/Pivot2" unique_id=1526248992]
transform = Transform3D(0.014123129, -0.96158993, -0.2741267, -0.10133316, -0.27411902, 0.9563421, -0.99475217, 0.014271578, -0.10131237, 0.3950024, 0.5130702, -0.26159143)

